0.000000
-0.051663
-0.103062
-0.153933
-0.204023
-0.253083
-0.300881
-0.347198
-0.391831
-0.434598
-0.475340
-0.513919
-0.550222
-0.584164
-0.615682
-0.644745
-0.671344
-0.695498
-0.717251
-0.736671
-0.753850
-0.768900
-0.781951
-0.793152
-0.802665
-0.810665
-0.817336
-0.822869
-0.827459
-0.831299
-0.834586
-0.837508
-0.840249
-0.842981
-0.845868
-0.849057
-0.852681
-0.856857
-0.861682
-0.867234
-0.873571
-0.880728
-0.888721
-0.897543
-0.907166
-0.917541
-0.928597
-0.940246
-0.952380
-0.964874
-0.977585
-0.990358
-1.003024
-1.015404
-1.027308
-1.038539
-1.048897
-1.058177
-1.066171
-1.072677
-1.077490
-1.080415
-1.081262
-1.079851
-1.076011
-1.069587
-1.060437
-1.048435
-1.033472
-1.015462
-0.994335
-0.970046
-0.942569
-0.911905
-0.878075
-0.841127
-0.801132
-0.758184
-0.712403
-0.663931
-0.612933
-0.559593
-0.504120
-0.446738
-0.387691
-0.327236
-0.265646
-0.203204
-0.140205
-0.076947
-0.013737
0.049120
0.111314
0.172543
0.232506
0.290911
0.347477
0.401932
0.454020
0.503500
0.550147
0.593758
0.634147
0.671151
0.704627
0.734456
0.760540
0.782806
0.801202
0.815697
0.826284
0.832975
0.835802
0.834818
0.830089
0.821702
0.809755
0.794362
0.775648
0.753747
0.728805
0.700974
0.670411
0.637281
0.601751
0.563991
0.524175
0.482475
0.439066
0.394122
0.347817
0.300324
0.251816
0.202463
0.152436
0.101904
0.051036
-0.000000
